3132604578355
3575784730828
860467588517
3403235789784
3465278601638
1815216150793
2170670682695
1210461741732
3950586558231
1767345008189
2433125160049
1057513324683
2999357089268
2231634659450
2273211908297
3724089595258
1009942623749
2964971312262
3965103271764
2729560424202
3857968390826
2178766915300
1545298716954
2805912495633
2371083696311
2309364139037
1666248197307
3115244004119
3982733065194
3746987766646
3264610906342
2661074695139
3964598132987
3915472061200
3257928134311
1878258271803
2500393832465
2490625630667
660672728356
872075233890
2868731845237
3118875627984
1394753132529
2351255868393
3510753768584
2725663597205
2147781931149
1979159657515
3204629675013
3110876003930
3878003059260
2146018029785
4025456866941
3716778209746
1745903202720
2042154179829
3654184363343
1598119133162
1188838115108
3401354848790
635705729103
2131352231375
1016021396740
4043014869932
2498881218244
2906769901872
958578082060
3869980934269
1191242940003
1358652826097
2122718559346
3708755214298
1832922146751
2487598500474
3573120151843
2434825207728
807817179663
4001879412126
3425765274740
3358087878125
1628483642640
2525824079472
3131599144482
1152555425807
2996440525644
790184548562
2485731600744
723741484366
822385735067
1150015666409
2421494841586
3625715295193
869865972371
1230173845808
3295879371596
905090193801
2236741243220
814642941759
2864710492846
2662511047024
1571887459168
1357704284682
3610325268056
2134753605343
3576712474232
1224100530749
962768391115
2901123243063
3371446343767
2750510689252
2562423959255
2861330076109
3766347530608
4013954942838
1105965271124
3428245669326
3465893346007
2557557194746
2097808814634
2728156109483
1762884653936
1047915617597
2789615242649
1408482261517
1948424273745
3486168654050
2534350868005
2080997441896
3157882973128
3166738089460
2343245133693
3535301439748
2084526808536
3472447231471
3371481000384
1194282170108
2519099905392
2949500401366
3925220576295
2416359219160
1933052917375
1718246622093
3272490963452
3936634419410
2309822000790
2617146095878
2219297939243
1925902418416
3318007807242
3284427670491
3370768361580
773885058416
3146274306969
2714246905911
2289871461131
2700773327443
3800099868231
2423930189844
972090005875
3523170449558
3499419743181
2616338776943
1328200940402
1883315982308
3682214213836
3366698847968
2479918600682
3444664428989
1539960521431
990544061026
3908855510140
3876710783693
2287746486800
4098890489970
1003140363979
1803896289503
3449478882859
2292425094491
1518768332506
1682527654021
1124116017028
4067528514893
1203769982258
2393505296383
1692299576879
2059283034818
732542226666
3849121923291
3527385706851
2480525127036
3130993934724
1832532035127
3129312348482
3092732674283
2500695742676
1376963142768
2971852289751
2196839118061
913343867505
2234667065725
